
reza <- 50
SU <- 1
su2 <- c(1,2,3,4)
D <- c(9,5,7,8,6)
X <- reza + SU
